arr_delay
62.0      511
61.0      490
63.0      484
66.0      463
64.0      442
65.0      440
67.0      439
69.0      435
72.0      414
70.0      407
71.0      404
73.0      404
68.0      402
75.0      390
76.0      389
81.0      363
80.0      349
79.0      345
74.0      344
78.0      341
77.0      340
82.0      338
87.0      311
84.0      302
89.0      302
86.0      295
83.0      294
92.0      290
88.0      284
90.0      281
97.0      276
100.0     272
95.0      270
91.0      266
94.0      263
85.0      262
93.0      260
96.0      259
98.0      247
104.0     237
102.0     236
99.0      234
105.0     228
101.0     219
106.0     217
111.0     215
103.0     203
107.0     199
110.0     198
108.0     191
115.0     188
114.0     185
113.0     181
118.0     179
109.0     178
121.0     167
120.0     166
112.0     166
129.0     166
116.0     162
117.0     158
123.0     156
128.0     150
127.0     147
119.0     147
126.0     147
122.0     145
136.0     142
132.0     141
131.0     138
125.0     138
133.0     137
124.0     135
130.0     132
135.0     128
140.0     128
146.0     128
145.0     127
134.0     126
137.0     120
141.0     118
149.0     116
147.0     113
144.0     113
143.0     112
153.0     107
139.0     107
142.0     102
138.0      99
152.0      99
150.0      96
166.0      93
164.0      92
148.0      91
151.0      91
171.0      89
156.0      87
162.0      86
169.0      85
172.0      85
157.0      84
155.0      84
158.0      79
154.0      78
163.0      77
159.0      76
167.0      75
160.0      75
173.0      75
161.0      74
174.0      70
176.0      70
165.0      69
182.0      69
185.0      69
175.0      66
168.0      66
177.0      65
170.0      62
191.0      62
188.0      62
183.0      60
179.0      57
187.0      57
189.0      57
184.0      56
178.0      56
190.0      55
180.0      54
186.0      54
194.0      53
193.0      52
198.0      51
181.0      50
208.0      45
192.0      44
211.0      43
196.0      42
206.0      42
213.0      41
205.0      41
209.0      41
207.0      41
201.0      40
197.0      40
203.0      39
221.0      39
195.0      39
199.0      39
204.0      38
214.0      36
219.0      35
202.0      34
215.0      34
223.0      34
229.0      34
217.0      33
243.0      33
225.0      33
200.0      32
218.0      32
238.0      31
227.0      31
212.0      30
250.0      28
231.0      27
210.0      27
239.0      27
242.0      27
233.0      26
216.0      26
226.0      25
246.0      25
232.0      25
253.0      25
248.0      25
262.0      24
236.0      24
228.0      24
258.0      23
220.0      23
252.0      23
234.0      23
235.0      22
224.0      22
251.0      22
266.0      21
241.0      21
230.0      21
237.0      21
292.0      20
249.0      20
267.0      20
245.0      20
274.0      20
263.0      20
222.0      19
265.0      19
240.0      19
247.0      19
256.0      18
276.0      18
281.0      17
244.0      16
277.0      16
285.0      16
264.0      16
299.0      15
272.0      15
300.0      15
280.0      15
259.0      15
291.0      15
271.0      15
270.0      14
254.0      14
269.0      14
260.0      14
257.0      13
273.0      13
324.0      13
261.0      13
283.0      12
278.0      12
312.0      12
255.0      11
268.0      11
275.0      11
282.0      11
301.0      10
284.0      10
302.0      10
314.0      10
364.0      10
328.0      10
322.0      10
313.0       9
309.0       9
290.0       9
354.0       9
307.0       9
298.0       9
305.0       9
308.0       9
294.0       9
360.0       9
287.0       9
288.0       9
316.0       8
317.0       8
310.0       8
296.0       8
335.0       8
297.0       8
326.0       8
338.0       7
334.0       7
385.0       7
286.0       7
344.0       7
318.0       7
336.0       7
330.0       7
279.0       7
293.0       7
333.0       6
366.0       6
349.0       6
319.0       6
306.0       6
329.0       6
380.0       6
303.0       6
345.0       6
332.0       6
315.0       6
350.0       6
323.0       5
376.0       5
289.0       5
311.0       5
386.0       5
337.0       5
363.0       5
304.0       5
331.0       5
357.0       5
325.0       5
370.0       5
295.0       4
361.0       4
383.0       4
390.0       4
340.0       4
356.0       4
327.0       4
321.0       4
377.0       4
396.0       4
320.0       4
410.0       3
421.0       3
353.0       3
384.0       3
342.0       3
352.0       3
398.0       3
391.0       3
373.0       3
469.0       3
399.0       3
351.0       3
359.0       3
394.0       3
378.0       3
374.0       3
422.0       3
348.0       3
389.0       3
372.0       3
783.0       2
434.0       2
402.0       2
496.0       2
404.0       2
347.0       2
341.0       2
401.0       2
339.0       2
444.0       2
490.0       2
369.0       2
343.0       2
368.0       2
411.0       2
495.0       2
400.0       2
420.0       2
405.0       2
433.0       2
362.0       2
346.0       2
387.0       2
493.0       2
406.0       2
395.0       2
744.0       2
463.0       1
850.0       1
358.0       1
431.0       1
403.0       1
674.0       1
505.0       1
492.0       1
780.0       1
802.0       1
449.0       1
769.0       1
424.0       1
474.0       1
572.0       1
367.0       1
489.0       1
571.0       1
456.0       1
485.0       1
454.0       1
577.0       1
989.0       1
645.0       1
355.0       1
371.0       1
551.0       1
412.0       1
895.0       1
1127.0      1
441.0       1
414.0       1
445.0       1
393.0       1
458.0       1
632.0       1
676.0       1
382.0       1
561.0       1
419.0       1
455.0       1
475.0       1
407.0       1
468.0       1
375.0       1
381.0       1
417.0       1
506.0       1
784.0       1
796.0       1
915.0       1
614.0       1
415.0       1
436.0       1
681.0       1
878.0       1
430.0       1
443.0       1
773.0       1
538.0       1
767.0       1
595.0       1
834.0       1
856.0       1
397.0       1
648.0       1
846.0       1
560.0       1
688.0       1
851.0       1
616.0       1
1272.0      1
451.0       1
1109.0      1
598.0       1
448.0       1
379.0       1
847.0       1
461.0       1
852.0       1
499.0       1
453.0       1
875.0       1
408.0       1
821.0       1
435.0       1
612.0       1
497.0       1
486.0       1
428.0       1
516.0       1
931.0       1
1007.0      1