dep_delay
36.0      853
38.0      847
39.0      829
37.0      823
40.0      803
43.0      770
41.0      763
42.0      757
44.0      734
45.0      706
46.0      661
47.0      655
50.0      653
51.0      630
48.0      626
49.0      584
53.0      563
54.0      558
56.0      556
52.0      545
57.0      543
55.0      540
59.0      532
58.0      520
61.0      480
60.0      473
62.0      466
63.0      465
64.0      451
65.0      444
70.0      428
68.0      424
66.0      417
69.0      403
67.0      398
75.0      379
71.0      378
73.0      370
72.0      359
74.0      350
80.0      343
77.0      335
78.0      323
82.0      323
79.0      319
90.0      307
81.0      302
76.0      298
84.0      297
85.0      288
86.0      287
83.0      287
88.0      283
87.0      281
89.0      270
95.0      262
92.0      257
93.0      250
97.0      247
98.0      233
96.0      232
99.0      230
91.0      227
94.0      226
100.0     223
105.0     211
102.0     210
101.0     205
104.0     202
114.0     197
107.0     196
115.0     194
110.0     189
106.0     189
103.0     183
108.0     177
111.0     176
112.0     168
121.0     167
120.0     163
125.0     161
109.0     160
117.0     159
119.0     157
113.0     156
116.0     153
122.0     151
118.0     145
129.0     144
123.0     143
124.0     140
128.0     135
132.0     128
133.0     126
126.0     125
127.0     125
134.0     125
135.0     125
141.0     122
130.0     121
137.0     111
131.0     108
138.0     107
136.0     106
142.0     104
149.0     103
151.0     101
150.0     100
144.0      99
139.0      99
140.0      98
147.0      94
143.0      93
160.0      92
163.0      91
145.0      88
156.0      88
170.0      88
155.0      87
171.0      85
154.0      85
152.0      84
158.0      84
161.0      83
159.0      82
153.0      82
148.0      81
162.0      79
168.0      78
157.0      78
146.0      77
174.0      76
179.0      76
167.0      74
169.0      73
184.0      73
164.0      72
178.0      71
165.0      69
182.0      63
190.0      62
204.0      62
181.0      62
177.0      58
191.0      57
176.0      57
188.0      55
175.0      55
166.0      54
192.0      54
172.0      52
193.0      51
195.0      51
180.0      51
185.0      51
187.0      51
206.0      50
189.0      50
183.0      50
173.0      49
194.0      48
200.0      46
209.0      45
186.0      43
208.0      43
222.0      41
198.0      41
199.0      41
203.0      41
201.0      40
205.0      39
207.0      39
210.0      39
230.0      38
196.0      38
211.0      37
197.0      37
218.0      36
215.0      36
221.0      35
233.0      35
212.0      35
216.0      34
219.0      33
225.0      33
213.0      32
227.0      31
235.0      31
202.0      30
214.0      30
243.0      30
217.0      29
241.0      28
238.0      28
237.0      27
245.0      27
224.0      27
268.0      27
242.0      26
232.0      26
223.0      26
220.0      25
239.0      24
255.0      24
229.0      24
253.0      23
248.0      22
231.0      22
226.0      22
271.0      21
236.0      21
240.0      21
259.0      20
251.0      20
272.0      20
246.0      19
228.0      19
260.0      19
263.0      19
291.0      18
257.0      18
290.0      18
277.0      18
234.0      18
244.0      18
247.0      18
270.0      17
256.0      17
262.0      17
275.0      17
274.0      15
281.0      15
294.0      15
258.0      15
266.0      15
286.0      14
292.0      13
285.0      13
265.0      13
334.0      13
309.0      13
282.0      13
264.0      13
307.0      13
279.0      13
254.0      12
280.0      12
252.0      12
284.0      12
250.0      12
249.0      12
273.0      12
316.0      11
289.0      11
278.0      11
276.0      10
312.0      10
302.0      10
261.0      10
299.0      10
319.0       9
269.0       9
322.0       9
298.0       9
336.0       9
288.0       9
306.0       9
293.0       9
328.0       9
287.0       9
297.0       8
303.0       8
325.0       8
315.0       8
283.0       8
317.0       8
327.0       8
301.0       8
313.0       8
311.0       7
296.0       7
314.0       7
337.0       7
354.0       7
295.0       7
304.0       7
348.0       7
356.0       6
340.0       6
320.0       6
351.0       6
364.0       6
332.0       6
381.0       6
310.0       6
323.0       6
318.0       5
321.0       5
343.0       5
368.0       5
361.0       5
405.0       5
333.0       5
360.0       5
267.0       5
350.0       5
392.0       5
329.0       5
308.0       5
335.0       5
355.0       5
341.0       5
374.0       5
326.0       4
375.0       4
397.0       4
345.0       4
366.0       4
406.0       4
383.0       4
324.0       4
305.0       4
330.0       4
382.0       4
389.0       4
300.0       4
342.0       4
349.0       4
413.0       4
352.0       4
404.0       3
379.0       3
339.0       3
373.0       3
371.0       3
331.0       3
378.0       3
853.0       3
376.0       3
346.0       3
390.0       3
420.0       3
369.0       3
486.0       3
411.0       3
408.0       3
419.0       3
396.0       3
502.0       3
353.0       2
388.0       2
380.0       2
386.0       2
410.0       2
384.0       2
471.0       2
504.0       2
436.0       2
362.0       2
437.0       2
387.0       2
367.0       2
357.0       2
394.0       2
430.0       2
431.0       2
432.0       2
372.0       2
347.0       2
398.0       2
359.0       2
483.0       2
479.0       1
358.0       1
899.0       1
696.0       1
803.0       1
473.0       1
514.0       1
787.0       1
790.0       1
426.0       1
365.0       1
467.0       1
602.0       1
1137.0      1
447.0       1
593.0       1
1014.0      1
424.0       1
338.0       1
453.0       1
344.0       1
576.0       1
898.0       1
536.0       1
370.0       1
399.0       1
653.0       1
629.0       1
409.0       1
500.0       1
1005.0      1
452.0       1
589.0       1
520.0       1
580.0       1
508.0       1
454.0       1
363.0       1
548.0       1
446.0       1
613.0       1
800.0       1
911.0       1
393.0       1
478.0       1
470.0       1
786.0       1
788.0       1
747.0       1
592.0       1
415.0       1
636.0       1
599.0       1
849.0       1
845.0       1
503.0       1
687.0       1
896.0       1
660.0       1
825.0       1
385.0       1
1301.0      1
443.0       1
798.0       1
545.0       1
1126.0      1
466.0       1
475.0       1
401.0       1
494.0       1
533.0       1
391.0       1
878.0       1
434.0       1
423.0       1
702.0       1
440.0       1
812.0       1
753.0       1
797.0       1
761.0       1
427.0       1
414.0       1
510.0       1
960.0       1
639.0       1
422.0       1